19
(276, 206), (293, 219), -0.19221, -0.055276, 0
(297, 226), (272, 237), -0.195101, -0.043993, 0
(264, 239), (270, 212), -0.194817, -0.045236, 0
(280, 200), (300, 189), -0.188575, -0.06663, 0
(305, 182), (318, 166), -0.182274, -0.082317, 0
(328, 164), (395, 142), -0.168307, -0.10804, 0
(407, 141), (481, 141), -0.135271, -0.147315, 0
(490, 143), (531, 146), -0.091263, -0.177963, 0
(541, 146), (641, 142), 0.001282, -0.199996, 0
(660, 136), (768, 175), 0.129986, -0.151999, 0
(776, 182), (814, 214), 0.17906, -0.089093, 0
(824, 221), (852, 261), 0.19457, -0.046289, 0
(858, 271), (879, 334), 0.199995, 0.001439, 0
(881, 342), (894, 405), 0.194219, 0.047737, 0
(896, 415), (896, 484), 0.179816, 0.087557, 0
(897, 495), (885, 534), 0.163002, 0.115889, 0
(872, 542), (830, 570), 0.142782, 0.140047, 0
(819, 574), (737, 580), 0.112315, 0.165485, 0
(726, 578), (662, 543), 0.074278, 0.185695, 0